1588
_,1,2,3,4,5,6,7,8,9,10,11,12,13,14,15,16,17,18,19,20,21,22,23,24
5,1,2,3,4,_,6,7,8,9,10,11,12,13,14,15,16,17,18,19,20,21,22,23,24
5,1,2,3,4,10,6,7,8,9,_,11,12,13,14,15,16,17,18,19,20,21,22,23,24
5,1,2,3,4,10,6,7,8,9,11,_,12,13,14,15,16,17,18,19,20,21,22,23,24
5,1,2,3,4,10,6,7,8,9,11,16,12,13,14,15,_,17,18,19,20,21,22,23,24
5,1,2,3,4,10,6,7,8,9,11,16,12,13,14,15,17,_,18,19,20,21,22,23,24
5,1,2,3,4,10,6,7,8,9,11,16,_,13,14,15,17,12,18,19,20,21,22,23,24
5,1,2,3,4,10,6,_,8,9,11,16,7,13,14,15,17,12,18,19,20,21,22,23,24
5,1,_,3,4,10,6,2,8,9,11,16,7,13,14,15,17,12,18,19,20,21,22,23,24
5,_,1,3,4,10,6,2,8,9,11,16,7,13,14,15,17,12,18,19,20,21,22,23,24
_,5,1,3,4,10,6,2,8,9,11,16,7,13,14,15,17,12,18,19,20,21,22,23,24
10,5,1,3,4,_,6,2,8,9,11,16,7,13,14,15,17,12,18,19,20,21,22,23,24
10,5,1,3,4,11,6,2,8,9,_,16,7,13,14,15,17,12,18,19,20,21,22,23,24
10,5,1,3,4,11,6,2,8,9,16,_,7,13,14,15,17,12,18,19,20,21,22,23,24
10,5,1,3,4,11,6,2,8,9,16,17,7,13,14,15,_,12,18,19,20,21,22,23,24
10,5,1,3,4,11,6,2,8,9,16,17,7,13,14,15,12,_,18,19,20,21,22,23,24
10,5,1,3,4,11,6,2,8,9,16,17,7,13,14,15,12,22,18,19,20,21,_,23,24
10,5,1,3,4,11,6,2,8,9,16,17,7,13,14,15,12,22,18,19,20,21,23,_,24
10,5,1,3,4,11,6,2,8,9,16,17,7,13,14,15,12,22,18,19,20,21,23,24,0
10,5,1,3,4,11,6,2,8,9,16,17,7,13,14,15,12,22,18,_,20,21,23,24,19
10,5,1,3,4,11,6,2,8,9,16,17,7,13,_,15,12,22,18,14,20,21,23,24,19
10,5,1,3,4,11,6,2,8,9,16,17,7,_,13,15,12,22,18,14,20,21,23,24,19
10,5,1,3,4,11,6,2,_,9,16,17,7,8,13,15,12,22,18,14,20,21,23,24,19
10,5,1,3,4,11,6,_,2,9,16,17,7,8,13,15,12,22,18,14,20,21,23,24,19
10,5,_,3,4,11,6,1,2,9,16,17,7,8,13,15,12,22,18,14,20,21,23,24,19
10,_,5,3,4,11,6,1,2,9,16,17,7,8,13,15,12,22,18,14,20,21,23,24,19
_,10,5,3,4,11,6,1,2,9,16,17,7,8,13,15,12,22,18,14,20,21,23,24,19
11,10,5,3,4,_,6,1,2,9,16,17,7,8,13,15,12,22,18,14,20,21,23,24,19
11,10,5,3,4,16,6,1,2,9,_,17,7,8,13,15,12,22,18,14,20,21,23,24,19
11,10,5,3,4,16,6,1,2,9,15,17,7,8,13,_,12,22,18,14,20,21,23,24,19
11,10,5,3,4,16,6,1,2,9,15,17,7,8,13,12,_,22,18,14,20,21,23,24,19
11,10,5,3,4,16,6,1,2,9,15,17,7,8,13,12,22,_,18,14,20,21,23,24,19
11,10,5,3,4,16,6,1,2,9,15,17,7,8,13,12,22,23,18,14,20,21,_,24,19
11,10,5,3,4,16,6,1,2,9,15,17,7,8,13,12,22,23,18,14,20,21,24,_,19
11,10,5,3,4,16,6,1,2,9,15,17,7,8,13,12,22,23,_,14,20,21,24,18,19
11,10,5,3,4,16,6,1,2,9,15,17,7,_,13,12,22,23,8,14,20,21,24,18,19
11,10,5,3,4,16,6,1,2,9,15,17,_,7,13,12,22,23,8,14,20,21,24,18,19
11,10,5,3,4,16,6,1,2,9,15,17,23,7,13,12,22,_,8,14,20,21,24,18,19
11,10,5,3,4,16,6,1,2,9,15,17,23,7,13,12,22,8,_,14,20,21,24,18,19
11,10,5,3,4,16,6,1,2,9,15,17,23,_,13,12,22,8,7,14,20,21,24,18,19
11,10,5,3,4,16,6,1,_,9,15,17,23,2,13,12,22,8,7,14,20,21,24,18,19
11,10,5,3,4,16,6,_,1,9,15,17,23,2,13,12,22,8,7,14,20,21,24,18,19
11,10,_,3,4,16,6,5,1,9,15,17,23,2,13,12,22,8,7,14,20,21,24,18,19